[engine.0]
accumulated_time=20.537715
accumulated_time_hobbs=25.996774
[engine.1]
accumulated_time=20.467185
accumulated_time_hobbs=25.986995
