[engine.0]
accumulated_time=22.180476
accumulated_time_hobbs=27.982042
[engine.1]
accumulated_time=22.108593
accumulated_time_hobbs=27.971155
