[engine.0]
accumulated_time=19.193665
accumulated_time_hobbs=24.425908
[engine.1]
accumulated_time=19.124969
accumulated_time_hobbs=24.416129
