[engine.0]
accumulated_time=19.160922
accumulated_time_hobbs=24.286247
[engine.1]
accumulated_time=19.092114
accumulated_time_hobbs=24.276468
